0 0.10494592645998557 0.2556294092147424 0.043258832011535686 0.294896385929448
0 0.050468637346791634 0.25369387641918284 0.06568853640951694 0.2936098940713217
0 0.16342465753424656 0.2491853599073704 0.02883922134102379 0.28717743478068947
0 0.2146935832732516 0.25112089270293 0.07369863013698633 0.28589094292256306
0 0.32003604902667626 0.22278330177392902 0.056878154289834115 0.22922735108130102
0 0.5367267483777938 0.22729181828574144 0.06248738284066335 0.22535628549018186
0 0.5880028839221341 0.22794085922317459 0.03684931506849298 0.22922735108130102
0 0.6729127613554434 0.22665436736504815 0.05286950252343181 0.22665436736504815
0 0.047267483777938 0.6310068713859012 0.06568853640951695 0.07211308415551901
0 0.0973323720259553 0.7443340550684252 0.03925018024513338 0.30391341895307294
0 0.312422494592646 0.7031315455581599 0.0512689257390051 0.24724982711181073
0 0.38973323720259545 0.7082775129906657 0.03444844989185292 0.2575533519935621
0 0.44139870223503963 0.699260479967041 0.06889689978370583 0.24467684339555798
0 0.5299206921413122 0.6001078867573871 0.05847873107426094 0.05409060812500928
0 0.5739798125450613 0.6702854381173468 0.03604902667627963 0.1970302845779208
0 0.6601009372746935 0.6754429955665922 0.02883922134102379 0.21247977689217765
0 0.8587671232876711 0.7063419801951062 0.0304397981254505 0.27944689361519104