0 0.80029296875 0.6605839416058394 0.0361328125 0.15145985401459855
0 0.75390625 0.6450729927007299 0.056640625 0.12226277372262774
0 0.67822265625 0.23722627737226276 0.0546875 0.2354014598540146
0 0.54638671875 0.23083941605839417 0.0634765625 0.2427007299270073
0 0.5947265625 0.23448905109489052 0.0439453125 0.24087591240875914
0 0.3310546875 0.22536496350364962 0.060546875 0.23722627737226276
0 0.1181640625 0.16058394160583941 0.0400390625 0.10948905109489052
0 0.0595703125 0.6295620437956204 0.0673828125 0.07116788321167883
0 0.1083984375 0.7472627737226277 0.0400390625 0.29927007299270075
0 0.314453125 0.718065693430657 0.0625 0.2572992700729927
0 0.396484375 0.7226277372262774 0.037109375 0.2664233576642336
0 0.443359375 0.7162408759124088 0.0703125 0.2572992700729927
0 0.53515625 0.614963503649635 0.05859375 0.058394160583941604
0 0.5791015625 0.6870437956204379 0.0380859375 0.20437956204379562
0 0.6591796875 0.6943430656934306 0.0390625 0.2208029197080292
0 0.8525390625 0.7244525547445255 0.03125 0.2755474452554745