0 0.45556640625 0.7223950233281493 0.09765625 0.26749611197511663
0 0.8671875 0.5902021772939346 0.0712890625 0.2846034214618974
0 0.67236328125 0.6267496111975117 0.0712890625 0.22706065318818042
0 0.5859375 0.645412130637636 0.0625 0.2052877138413686
0 0.5302734375 0.5902021772939346 0.06640625 0.07309486780715396
0 0.6181640625 0.1827371695178849 0.072265625 0.23483670295489892
0 0.490234375 0.2286158631415241 0.08984375 0.24416796267496113
0 0.54443359375 0.20762052877138415 0.0771484375 0.24261275272161742
0 0.33349609375 0.7558320373250389 0.0859375 0.25505443234836706
0 0.0732421875 0.7682737169517885 0.0703125 0.08864696734059098
0 0.134765625 0.854587869362364 0.07421875 0.29082426127527217
0 0.037109375 0.37091757387247276 0.07421875 0.2317262830482115
0 0.1376953125 0.3693623639191291 0.0703125 0.29082426127527217
0 0.1884765625 0.3538102643856921 0.1123046875 0.30326594090202175
0 0.28369140625 0.291601866251944 0.09375 0.24727838258164853