0 0.431640625 0.7060653188180405 0.0712890625 0.25505443234836706
0 0.85205078125 0.6897356143079316 0.0419921875 0.27993779160186627
0 0.65576171875 0.6726283048211509 0.048828125 0.2192846034214619
0 0.568359375 0.6671850699844479 0.0419921875 0.19906687402799378
0 0.52001953125 0.5972006220839814 0.0615234375 0.05754276827371695
0 0.65087890625 0.22006220839813376 0.048828125 0.2286158631415241
0 0.52001953125 0.2301710730948678 0.06640625 0.2317262830482115
0 0.57568359375 0.223950233281493 0.052734375 0.2332814930015552
0 0.30810546875 0.7060653188180405 0.060546875 0.24572317262830481
0 0.05029296875 0.6461897356143079 0.064453125 0.07309486780715396
0 0.1015625 0.749611197511664 0.0439453125 0.28771384136858474
0 0.048828125 0.24261275272161742 0.0703125 0.2177293934681182
0 0.15771484375 0.2713841368584759 0.0400390625 0.28771384136858474
0 0.20947265625 0.2698289269051322 0.083984375 0.28771384136858474
0 0.3095703125 0.23483670295489892 0.0703125 0.23483670295489892