0 0.21647487254187914 0.12282394339109946 0.07364166059723234 0.17505620068713856
0 0.31924981791697016 0.16163920635373613 0.0526001456664239 0.25269943209947004
0 0.16265841223597963 0.19270412221090366 0.03236707938820099 0.314816558326747
0 0.538965768390386 0.16799194988280927 0.05988346686088852 0.2541097411629243
0 0.5919737800436999 0.16588283903115697 0.04612527312454473 0.25834066835328706
0 0.6765404224326294 0.17011376622151966 0.051791697013838345 0.2498788139725615
0 0.04895848506919155 0.5985682007963263 0.06554989075018208 0.07905354047578587
0 0.10155863073561544 0.7256230713777886 0.03803350327749455 0.3388172233795853
0 0.31318281136198106 0.6875066102033499 0.05503277494537506 0.2682255372845248
0 0.3949162418062637 0.6938593537324229 0.03075018208302993 0.2894055842104545
0 0.44387472687545526 0.6875066102033499 0.06716678805535325 0.2710461554114332
0 0.5332993445010925 0.5823305883360155 0.06312454479242535 0.06634805341763955
0 0.5814493809176985 0.6599738197483471 0.036416605972323435 0.21881389811539415
0 0.6708739985433358 0.6719805050182952 0.04208302986161683 0.2428145631682322
0 0.8748069919883467 0.7072763480658254 0.029133284777858703 0.31057292564932615