0 0.7828282828282829 0.6819416840469473 0.06313131313131315 0.2500928311454627
0 0.8263194444444446 0.6637647732384576 0.03507575757575765 0.21083384451805506
0 0.9252272727272728 0.584527051895473 0.054715909090909065 0.06397906187379868
0 0.11924873737373737 0.11487179487179487 0.03928030303030304 0.1250529587371693
0 0.1858838383838384 0.06761706130127183 0.039280303030303054 0.050892732997996175
0 0.3500252525252526 0.17957060483376275 0.05892045454545458 0.26027399501083714
0 0.5723926767676768 0.186113769271664 0.06313131313131315 0.2617265775160512
0 0.6267550505050505 0.1853940211834949 0.04279040404040413 0.26027399501083714
0 0.7032133838383839 0.18684660368870895 0.045593434343434325 0.24573508362982058
0 0.8796275252525253 0.6943082648345806 0.029463383838383983 0.29808039913303064
0 0.6930429292929293 0.6790365190365191 0.042089646464646524 0.2355539197644461
0 0.6120202020202021 0.6739459371038319 0.03717803030303046 0.21956242587821534
0 0.5646717171717173 0.5990659632764895 0.05751893939393926 0.05815564552406669
0 0.42157828282828286 0.7255584181899972 0.03366792929292928 0.2937095652885128
0 0.47138257575757575 0.7168429231587126 0.07154671717171712 0.2733603238866396
0 0.34090909090909094 0.727024087024087 0.056117424242424274 0.27626548889706787
0 0.05857323232323233 0.6499586962744859 0.07645833333333335 0.08724655461497556
0 0.11223484848484849 0.7655502392344498 0.04349116161616162 0.3271582218950641