0 0.76025390625 0.6365384615384615 0.0771484375 0.2692307692307692
0 0.80712890625 0.6125 0.046875 0.2403846153846154
0 0.90185546875 0.5240384615384616 0.064453125 0.11153846153846154
0 0.09912109375 0.17307692307692307 0.044921875 0.11730769230769231
0 0.15966796875 0.125 0.037109375 0.04230769230769231
0 0.31787109375 0.2048076923076923 0.0703125 0.25769230769230766
0 0.53173828125 0.17115384615384616 0.07421875 0.2673076923076923
0 0.58251953125 0.16153846153846155 0.052734375 0.25961538461538464
0 0.66162109375 0.14807692307692308 0.0634765625 0.25
0 0.67431640625 0.6326923076923077 0.0576171875 0.2326923076923077
0 0.5908203125 0.6384615384615384 0.0517578125 0.21923076923076923
0 0.86181640625 0.6240384615384615 0.0390625 0.29423076923076924
0 0.5380859375 0.5721153846153846 0.056640625 0.06346153846153846
0 0.45849609375 0.6932692307692307 0.076171875 0.27307692307692305
0 0.41064453125 0.7067307692307693 0.041015625 0.2846153846153846
0 0.3310546875 0.7173076923076923 0.068359375 0.275
0 0.06787109375 0.6778846153846154 0.0693359375 0.09038461538461538
0 0.1220703125 0.7855769230769231 0.052734375 0.325