0 0.748046875 0.7067307692307693 0.0732421875 0.2653846153846154
0 0.79638671875 0.6951923076923077 0.04296875 0.23846153846153847
0 0.896484375 0.6336538461538461 0.0625 0.1076923076923077
0 0.1259765625 0.06634615384615385 0.04296875 0.11538461538461539
0 0.189453125 0.035576923076923075 0.0361328125 0.04038461538461539
0 0.34033203125 0.1576923076923077 0.06640625 0.25384615384615383
0 0.5546875 0.18269230769230768 0.0693359375 0.26346153846153847
0 0.60546875 0.1875 0.048828125 0.25576923076923075
0 0.6845703125 0.1951923076923077 0.0595703125 0.24807692307692308
0 0.6630859375 0.6798076923076923 0.0537109375 0.23076923076923078
0 0.58056640625 0.6615384615384615 0.0478515625 0.2173076923076923
0 0.84912109375 0.7221153846153846 0.0341796875 0.29423076923076924
0 0.53271484375 0.5817307692307693 0.0556640625 0.05961538461538462
0 0.44482421875 0.6798076923076923 0.0712890625 0.2692307692307692
0 0.39697265625 0.6807692307692308 0.0361328125 0.2826923076923077
0 0.3173828125 0.6692307692307692 0.0634765625 0.27115384615384613
0 0.0595703125 0.5567307692307693 0.068359375 0.08653846153846154
0 0.10546875 0.6788461538461539 0.0478515625 0.3230769230769231