0 0.06591796875 0.18712121212121213 0.0830078125 0.2818181818181818
0 0.17138671875 0.1984848484848485 0.0458984375 0.2878787878787879
0 0.22509765625 0.20681818181818182 0.083984375 0.2909090909090909
0 0.3173828125 0.19166666666666668 0.0703125 0.23030303030303031
0 0.5283203125 0.22575757575757577 0.07421875 0.23939393939393938
0 0.5771484375 0.23257575757575757 0.0537109375 0.23636363636363636
0 0.66796875 0.24696969696969698 0.0693359375 0.2287878787878788
0 0.2861328125 0.6553030303030303 0.0625 0.2545454545454545
0 0.3642578125 0.6734848484848485 0.04296875 0.2636363636363636
0 0.4150390625 0.6742424242424242 0.08203125 0.2515151515151515
0 0.5087890625 0.593939393939394 0.0634765625 0.0696969696969697
0 0.548828125 0.668939393939394 0.048828125 0.1984848484848485
0 0.63232421875 0.6954545454545454 0.052734375 0.22424242424242424
0 0.8359375 0.7575757575757576 0.0478515625 0.2909090909090909
0 0.04296875 0.5378787878787878 0.0673828125 0.0803030303030303
0 0.08349609375 0.6598484848484848 0.0546875 0.3106060606060606