0 0.0322265625 0.20314842578710646 0.064453125 0.0704647676161919
0 0.1416015625 0.2863568215892054 0.04296875 0.2818590704647676
0 0.19140625 0.27811094452773616 0.0810546875 0.2893553223388306
0 0.28369140625 0.2391304347826087 0.0625 0.22638680659670166
0 0.49609375 0.2166416791604198 0.072265625 0.2413793103448276
0 0.546875 0.20914542728635682 0.0498046875 0.23388305847076463
0 0.6328125 0.1956521739130435 0.0625 0.23088455772113944
0 0.30419921875 0.697151424287856 0.05859375 0.24887556221889057
0 0.384765625 0.6926536731634183 0.0439453125 0.2518740629685157
0 0.4326171875 0.6799100449775113 0.0830078125 0.2518740629685157
0 0.51708984375 0.5772113943028486 0.0615234375 0.06296851574212893
0 0.56591796875 0.6424287856071964 0.0439453125 0.19490254872563717
0 0.6552734375 0.6424287856071964 0.0556640625 0.23388305847076463
0 0.10595703125 0.7578710644677661 0.0537109375 0.3028485757121439
0 0.859375 0.6529235382308846 0.0498046875 0.2863568215892054
0 0.05517578125 0.6476761619190404 0.0703125 0.07946026986506746