0 0.0458984375 0.34065934065934067 0.087890625 0.304552590266876
0 0.1513671875 0.21036106750392464 0.0361328125 0.06593406593406594
0 0.208984375 0.31475667189952905 0.0869140625 0.3029827315541601
0 0.30615234375 0.2692307692307692 0.0673828125 0.2370486656200942
0 0.5205078125 0.23783359497645212 0.0791015625 0.24803767660910517
0 0.572265625 0.22998430141287285 0.0595703125 0.24646781789638933
0 0.65625 0.21585557299843014 0.068359375 0.23547880690737832
0 0.330078125 0.7527472527472527 0.068359375 0.25745682888540034
0 0.4052734375 0.7480376766091051 0.046875 0.27001569858712715
0 0.4560546875 0.7307692307692307 0.083984375 0.2668759811616955
0 0.53857421875 0.6138147566718996 0.0625 0.06750392464678179
0 0.58935546875 0.6773940345368917 0.0517578125 0.2087912087912088
0 0.67431640625 0.673469387755102 0.0673828125 0.23390894819466249
0 0.8671875 0.6648351648351648 0.0517578125 0.2857142857142857
0 0.06201171875 0.7182103610675039 0.0703125 0.0847723704866562
0 0.119140625 0.8218210361067504 0.056640625 0.315541601255887