0 0.044921875 0.4050235478806907 0.08984375 0.3108320251177394
0 0.13720703125 0.260596546310832 0.0390625 0.06907378335949764
0 0.2001953125 0.3563579277864992 0.1015625 0.3092621664050236
0 0.29443359375 0.29748822605965464 0.0791015625 0.24175824175824176
0 0.505859375 0.23626373626373626 0.0908203125 0.2543171114599686
0 0.55712890625 0.2205651491365777 0.0712890625 0.24960753532182103
0 0.64013671875 0.1946624803767661 0.080078125 0.2401883830455259
0 0.3447265625 0.7755102040816326 0.0810546875 0.2621664050235479
0 0.4189453125 0.7605965463108321 0.0615234375 0.27001569858712715
0 0.46875 0.7362637362637363 0.09765625 0.2731554160125589
0 0.54443359375 0.6083202511773941 0.0654296875 0.07535321821036106
0 0.5986328125 0.6640502354788069 0.0625 0.2119309262166405
0 0.68310546875 0.6483516483516484 0.0791015625 0.23861852433281006
0 0.87451171875 0.6130298273155416 0.06640625 0.2857142857142857
0 0.07568359375 0.7786499215070644 0.07421875 0.09419152276295134
0 0.13818359375 0.8579277864992151 0.0732421875 0.28414442700156983