0 0.20937723693629204 0.2476594671802736 0.07158196134574085 0.28203073529911504
0 0.30959198282032924 0.22099984543558113 0.05547602004294916 0.22309893986347903
0 0.15837508947745169 0.24414600966192046 0.032211882605583386 0.2806275973125522
0 0.5203149606299212 0.2287114918097301 0.05994989262705802 0.23011462979629282
0 0.5740014316392269 0.22801553536839494 0.04026485325697915 0.23151776778285557
0 0.6576592698639943 0.2315177677828556 0.046528274874731546 0.22450207785004184
0 0.8554044380816034 0.7163075546922358 0.0322118826055835 0.2764181833528639
0 0.6536363636363636 0.6805219234829393 0.05100214745884046 0.21888952590379068
0 0.5681818181818181 0.668600863149102 0.04294917680744459 0.1950361801322238
0 0.5189692197566214 0.5956376878478384 0.05905511811023617 0.057528657449073206
0 0.43038654259126696 0.6896479329475436 0.06800286327845384 0.24554914764848326
0 0.3820687186828919 0.6945533033485669 0.030422333571939908 0.2553711135544226
0 0.30467430207587687 0.6896479329475433 0.05279169649248394 0.24274287167535763
0 0.0501073729420186 0.6019461962354246 0.06263421617752327 0.07015689932813811
0 0.09753042233357194 0.7212129250932593 0.039370078740157494 0.3086903570438075