0 0.1015625 0.1362126245847176 0.107421875 0.2724252491694352
0 0.166015625 0.03903654485049834 0.05078125 0.07807308970099668
0 0.224609375 0.07308970099667775 0.0546875 0.1461794019933555
0 0.265625 0.1744186046511628 0.119140625 0.33222591362126247
0 0.37109375 0.1877076411960133 0.09765625 0.26744186046511625
0 0.57421875 0.2749169435215947 0.1005859375 0.27906976744186046
0 0.62646484375 0.29401993355481726 0.0751953125 0.260797342192691
0 0.701171875 0.3222591362126246 0.072265625 0.24584717607973422
0 0.28466796875 0.6802325581395349 0.083984375 0.27408637873754155
0 0.36572265625 0.7134551495016611 0.0673828125 0.2857142857142857
0 0.41162109375 0.723421926910299 0.09765625 0.2823920265780731
0 0.5166015625 0.654485049833887 0.06640625 0.07973421926910298
0 0.5458984375 0.7425249169435216 0.0576171875 0.21262458471760798
0 0.630859375 0.7857142857142857 0.0810546875 0.24584717607973422
0 0.810546875 0.8654485049833887 0.0703125 0.2691029900332226
0 0.0390625 0.49916943521594687 0.076171875 0.10299003322259136
0 0.07177734375 0.6320598006644518 0.08203125 0.33222591362126247