0 0.099609375 0.11649016641452345 0.1015625 0.2329803328290469
0 0.16015625 0.038577912254160365 0.05078125 0.07715582450832073
0 0.205078125 0.13388804841149773 0.076171875 0.26777609682299547
0 0.24951171875 0.14523449319213314 0.1044921875 0.29046898638426627
0 0.349609375 0.15204236006051436 0.0849609375 0.2329803328290469
0 0.5517578125 0.2291981845688351 0.0966796875 0.2481089258698941
0 0.599609375 0.24962178517397882 0.0791015625 0.24357034795763993
0 0.6826171875 0.2821482602118003 0.0732421875 0.23600605143721634
0 0.275390625 0.6013615733736762 0.08203125 0.25718608169440244
0 0.3505859375 0.6391830559757943 0.064453125 0.2617246596066566
0 0.396484375 0.6520423600605144 0.10546875 0.264750378214826
0 0.49658203125 0.5907715582450832 0.0693359375 0.07715582450832073
0 0.53125 0.6747352496217852 0.0625 0.20574886535552195
0 0.60888671875 0.7193645990922845 0.072265625 0.2314674735249622
0 0.044921875 0.43116490166414523 0.0703125 0.09833585476550681
0 0.80517578125 0.8267776096822995 0.0751953125 0.291981845688351
0 0.076171875 0.5559757942511346 0.076171875 0.2934947049924357