0 0.05070074254519425 0.16578323157417 0.057943705765936285 0.12330984166673802
0 0.1462209415003402 0.24044871081273173 0.031687964090746375 0.27265176101867633
0 0.19782705444812723 0.2390895623356939 0.06609203938927105 0.27265176101867633
0 0.2928909467203664 0.21031726594678837 0.049795372142601525 0.22606804305568642
0 0.5065583617322564 0.22195771500012842 0.06247055777890003 0.2329185898149496
0 0.5572591042774507 0.22264825011346218 0.044363149727045054 0.23702891787050748
0 0.6455290970486339 0.22195771500012842 0.0525114833503797 0.22195771500012842
0 0.041190731836359955 0.5857272283544129 0.06247055777890006 0.07261579564819012
0 0.08510481784371891 0.690535113333733 0.036214816103710176 0.29320340129646605
0 0.28655335390221714 0.6693038988174244 0.05703833536334356 0.24250935527791806
0 0.3580776157070447 0.6768340198152064 0.03530944570111745 0.25210012074088656
0 0.40968372865483177 0.6720441175211296 0.06790278019445661 0.24798979268532864
0 0.4993153985115144 0.5809263651855213 0.06065981697371457 0.06028481148151637
0 0.5463946594463377 0.6569729146507505 0.04074166811667392 0.19318541861122285
0 0.6328539114123354 0.6686133637040906 0.056132964960750834 0.21647727759271795
0 0.8424507810941684 0.7124568629633752 0.02987722328556098 0.2795023077779396