0 0.03369140625 0.2748493975903614 0.0673828125 0.1822289156626506
0 0.13916015625 0.3049698795180723 0.0546875 0.2786144578313253
0 0.185546875 0.29668674698795183 0.08984375 0.286144578313253
0 0.28515625 0.25301204819277107 0.0751953125 0.2289156626506024
0 0.49658203125 0.2191265060240964 0.0791015625 0.24548192771084337
0 0.54931640625 0.20933734939759036 0.0595703125 0.23493975903614459
0 0.63525390625 0.19578313253012047 0.0712890625 0.2319277108433735
0 0.8681640625 0.6408132530120482 0.0546875 0.286144578313253
0 0.66357421875 0.641566265060241 0.0654296875 0.21987951807228914
0 0.52001953125 0.5843373493975904 0.0654296875 0.06475903614457831
0 0.57373046875 0.6430722891566265 0.05859375 0.2033132530120482
0 0.4404296875 0.6920180722891566 0.0830078125 0.25150602409638556
0 0.3125 0.7123493975903614 0.0751953125 0.25
0 0.05810546875 0.6769578313253012 0.0634765625 0.07981927710843373
0 0.1123046875 0.7823795180722891 0.0595703125 0.3057228915662651