0 0.0830078125 0.1686046511627907 0.0927734375 0.3272425249169435
0 0.142578125 0.07475083056478406 0.0458984375 0.1079734219269103
0 0.2041015625 0.11295681063122924 0.0478515625 0.14950166112956811
0 0.25 0.2101328903654485 0.10546875 0.3272425249169435
0 0.35546875 0.20764119601328904 0.0859375 0.26245847176079734
0 0.56201171875 0.2649501661129568 0.0888671875 0.27408637873754155
0 0.615234375 0.276578073089701 0.0634765625 0.2591362126245847
0 0.69091796875 0.2931893687707641 0.0615234375 0.2441860465116279
0 0.294921875 0.7109634551495017 0.0712890625 0.2724252491694352
0 0.37744140625 0.7325581395348837 0.0537109375 0.287375415282392
0 0.42333984375 0.7358803986710963 0.0849609375 0.27740863787375414
0 0.5244140625 0.6511627906976745 0.064453125 0.07142857142857142
0 0.55810546875 0.7350498338870431 0.0478515625 0.21262458471760798
0 0.64501953125 0.7649501661129569 0.0703125 0.2425249169435216
0 0.8291015625 0.8322259136212624 0.056640625 0.2973421926910299
0 0.041015625 0.5672757475083057 0.0732421875 0.0946843853820598
0 0.080078125 0.6951827242524917 0.06640625 0.33222591362126247