0 0.18603515625 0.20442930153321975 0.0888671875 0.19250425894378195
0 0.291015625 0.21550255536626917 0.07421875 0.26405451448040884
0 0.13916015625 0.2887563884156729 0.060546875 0.3202725724020443
0 0.5087890625 0.16183986371379896 0.08203125 0.2674616695059625
0 0.56103515625 0.14480408858603067 0.068359375 0.2674616695059625
0 0.64501953125 0.12776831345826234 0.0732421875 0.2555366269165247
0 0.0634765625 0.7206132879045997 0.072265625 0.09540034071550256
0 0.1259765625 0.8287904599659285 0.068359375 0.3424190800681431
0 0.33251953125 0.7359454855195912 0.078125 0.27938671209540034
0 0.41357421875 0.7197614991482112 0.056640625 0.29471890971039183
0 0.46142578125 0.7001703577512777 0.0908203125 0.28620102214650767
0 0.5400390625 0.5724020442930153 0.068359375 0.08347529812606473
0 0.5947265625 0.6354344122657581 0.0556640625 0.22657580919931858
0 0.68408203125 0.6235093696763203 0.0634765625 0.252129471890971
0 0.888671875 0.6022146507666098 0.056640625 0.3151618398637138