0 0.8827588344699319 0.6366624120199846 0.06268443893366404 0.13225484118011743
0 0.7849411035337879 0.6988979249480325 0.04064476131432104 0.2593282520695817
0 0.7350030998140111 0.7092724554173808 0.05786112833230006 0.2904518434776264
0 0.10435833849969002 0.13549907005579664 0.03650960942343459 0.1128128077021261
0 0.16601363918164908 0.09141023303307683 0.035821450712957226 0.03760037927136136
0 0.31239305641661497 0.1945020239962073 0.06268443893366393 0.24636300645490686
0 0.5238685678859268 0.19968345428686043 0.06130812151270931 0.24895372160023335
0 0.5776007439553626 0.200336968017213 0.04477371357718529 0.24506764888224347
0 0.6581959082455053 0.2009788118595237 0.0516615003099814 0.2411815761642537
0 0.6437259764414135 0.6839838080303418 0.05442033477991326 0.229511688122242
0 0.5586546807191568 0.6729674337186827 0.03857408555486663 0.20746726961088205
0 0.37576565406075635 0.7066817402720541 0.03650960942343462 0.27489588271762516
0 0.4236391816491011 0.7021421538237117 0.06888406695598259 0.26062360964224496
0 0.29861748295102297 0.69435833849969 0.055796652200867936 0.25544217935159186
0 0.04856168629882207 0.6068341781846031 0.06544327340359579 0.07780314357609128
0 0.09471791692498449 0.7138120418657232 0.03926224426534408 0.29692863134094316