0 0.0615234375 0.21984126984126984 0.0654296875 0.2571428571428571
0 0.17236328125 0.2365079365079365 0.0390625 0.28888888888888886
0 0.22900390625 0.24365079365079365 0.07421875 0.29365079365079366
0 0.32568359375 0.2111111111111111 0.060546875 0.23333333333333334
0 0.5380859375 0.2261904761904762 0.064453125 0.23492063492063492
0 0.58740234375 0.2261904761904762 0.0419921875 0.23809523809523808
0 0.669921875 0.23015873015873015 0.0517578125 0.2222222222222222
0 0.05078125 0.6079365079365079 0.0703125 0.07142857142857142
0 0.1025390625 0.7261904761904762 0.0400390625 0.31746031746031744
0 0.30859375 0.6936507936507936 0.048828125 0.24761904761904763
0 0.39111328125 0.7031746031746032 0.0380859375 0.25873015873015875
0 0.439453125 0.696031746031746 0.0673828125 0.25396825396825395
0 0.52734375 0.6031746031746031 0.0634765625 0.06031746031746032
0 0.57568359375 0.6753968253968254 0.0361328125 0.19523809523809524
0 0.65576171875 0.6888888888888889 0.0390625 0.22063492063492063
0 0.853515625 0.7261904761904762 0.0390625 0.2857142857142857