0 0.09912109375 0.11933534743202417 0.0947265625 0.23867069486404835
0 0.15234375 0.07477341389728097 0.064453125 0.14954682779456194
0 0.19921875 0.1336858006042296 0.0703125 0.2673716012084592
0 0.2509765625 0.1487915407854985 0.107421875 0.297583081570997
0 0.34716796875 0.15256797583081572 0.0908203125 0.23716012084592145
0 0.55419921875 0.23036253776435045 0.095703125 0.24773413897280966
0 0.6015625 0.24924471299093656 0.0810546875 0.24471299093655588
0 0.07177734375 0.5649546827794562 0.072265625 0.2945619335347432
0 0.0458984375 0.4433534743202417 0.056640625 0.0755287009063444
0 0.27099609375 0.6027190332326284 0.0830078125 0.25075528700906347
0 0.34521484375 0.6404833836858006 0.0712890625 0.2598187311178248
0 0.39501953125 0.6510574018126888 0.0986328125 0.26435045317220546
0 0.4951171875 0.5883685800604229 0.060546875 0.06948640483383686
0 0.52734375 0.6737160120845922 0.0537109375 0.18882175226586104
0 0.60693359375 0.7175226586102719 0.06640625 0.229607250755287
0 0.8037109375 0.8255287009063444 0.0751953125 0.297583081570997
0 0.685546875 0.27794561933534745 0.08203125 0.24471299093655588