0 0.18798828125 0.3223583460949464 0.0986328125 0.29555895865237364
0 0.2841796875 0.27105666156202146 0.0771484375 0.2343032159264931
0 0.13720703125 0.33078101071975496 0.0595703125 0.28483920367534454
0 0.4931640625 0.22741194486983154 0.08203125 0.24196018376722817
0 0.5458984375 0.21286370597243492 0.0625 0.23889739663093415
0 0.62890625 0.19601837672281777 0.068359375 0.2327718223583461
0 0.87255859375 0.6263399693721287 0.0595703125 0.28024502297090353
0 0.669921875 0.6408882082695253 0.072265625 0.22817764165390506
0 0.583984375 0.6500765696784073 0.0615234375 0.20367534456355282
0 0.5283203125 0.5895865237366003 0.064453125 0.07197549770290965
0 0.4501953125 0.7044410413476263 0.091796875 0.25880551301684535
0 0.40283203125 0.7212863705972435 0.0556640625 0.26033690658499237
0 0.326171875 0.7350689127105666 0.076171875 0.25267993874425726
0 0.06591796875 0.7113323124042878 0.0693359375 0.08422664624808576
0 0.12451171875 0.8169984686064319 0.0693359375 0.31393568147013784