0 0.05925951557093424 0.2570624061237886 0.06314878892733564 0.2947963372979227
0 0.10683737024221453 0.22430725753513053 0.03719723183391002 0.2349825877012428
0 0.1643598615916955 0.2563446411286285 0.031141868512110704 0.2933722004027636
0 0.2149688581314879 0.2563446411286285 0.06833910034602075 0.29906874798339994
0 0.31228373702422146 0.22715553132544863 0.05709342560553632 0.23498258770124272
0 0.5237923875432525 0.22928604012060658 0.059688581314878864 0.24210327217703798
0 0.576560553633218 0.2285796682206077 0.040657439446366794 0.2463756828625151
0 0.6565743944636678 0.2328520789060848 0.05363321799307963 0.23498258770124272
0 0.30968858131487886 0.7120684475795235 0.05709342560553632 0.2506480935479924
0 0.3858131487889273 0.7163408582650007 0.02941176470588236 0.2677377362899008
0 0.43166089965397925 0.7070896649940476 0.06574394463667821 0.2549205042334694
0 0.5203321799307958 0.6109547280232311 0.06314878892733566 0.054117202016043704
0 0.5653148788927336 0.6843034746715028 0.028546712802768104 0.19795502842710758
0 0.6522491349480969 0.694978804837615 0.04498269896193774 0.21931708185449333
0 0.10553633217993079 0.719906897050479 0.03806228373702422 0.23213431391092476
0 0.8434256055363322 0.7191891320553188 0.02768166089965396 0.2819791052414914
0 0.05449826989619377 0.6344586833409361 0.0657439446366782 0.07263098165311133