0 0.0888671875 0.1578549848942598 0.03515625 0.06797583081570997
0 0.1484375 0.256797583081571 0.04296875 0.2824773413897281
0 0.2001953125 0.25755287009063443 0.0771484375 0.2945619335347432
0 0.04443359375 0.26661631419939574 0.06640625 0.28700906344410876
0 0.2919921875 0.2212990936555891 0.0595703125 0.22507552870090636
0 0.50341796875 0.2175226586102719 0.064453125 0.23867069486404835
0 0.55419921875 0.2122356495468278 0.0537109375 0.24018126888217523
0 0.64501953125 0.20241691842900303 0.0576171875 0.2311178247734139
0 0.85546875 0.6880664652567976 0.033203125 0.270392749244713
0 0.6474609375 0.6623867069486404 0.046875 0.22205438066465258
0 0.55810546875 0.6563444108761329 0.0390625 0.19939577039274925
0 0.5107421875 0.5845921450151057 0.0595703125 0.05891238670694864
0 0.42724609375 0.6873111782477341 0.0703125 0.25226586102719034
0 0.3779296875 0.6948640483383686 0.0341796875 0.2598187311178248
0 0.29736328125 0.6925981873111783 0.0595703125 0.24924471299093656
0 0.09619140625 0.7318731117824774 0.04296875 0.2930513595166163
0 0.04541015625 0.6231117824773413 0.0625 0.0755287009063444