0 0.05220960663363331 0.2521255953952579 0.06471837395085447 0.2852405344035485
0 0.10268648666868911 0.1730369118656598 0.04141975932854687 0.12977768389924485
0 0.15963865574544106 0.1906109732270159 0.03279064280176628 0.15951840312615512
0 0.2148650015168369 0.25009241168083646 0.07421040213031316 0.2838886835295981
0 0.31453474904776346 0.22238487616834768 0.05781508072943004 0.22846279769762895
0 0.524222280648532 0.22305539420182707 0.06299255064549841 0.2379257538152822
0 0.5751340681565376 0.22440724507577756 0.037105201065156565 0.24062945556318313
0 0.6605623217716654 0.22238487616834768 0.042282670981224985 0.22846279769762895
0 0.30288199008999894 0.700940085546813 0.05004887585532751 0.24468500818503452
0 0.3831327737890585 0.7076993399165654 0.03451646610712235 0.26090721867244016
0 0.4327536454646576 0.6995882346728626 0.06471837395085453 0.2527961134287374
0 0.5199077223851417 0.6002217880340075 0.06299255064549841 0.05948143845382051
0 0.5686587791148413 0.6732217352273326 0.037968112717834596 0.20277763109257008
0 0.6497724744665789 0.6806623224375561 0.03279064280176617 0.22035169245392622
0 0.04789504837024303 0.6204995511432645 0.06471837395085447 0.0729999471933253
0 0.0953551892675363 0.738110577176955 0.037105201065156565 0.3082219992607065
0 0.8551454478039572 0.7097217088239953 0.031064819496410104 0.27848128003379624