0 0.051442097596504005 0.2415930932798039 0.06099781500364166 0.28422716856447516
0 0.1584122359796067 0.2366248023732969 0.02731245447924252 0.27996376103600806
0 0.21258557902403497 0.24373048158740873 0.06281864530225784 0.28280603272165283
0 0.3049890750182083 0.2110443572024941 0.04734158776402042 0.22596059900875778
0 0.514843408594319 0.2245394631659354 0.06281864530225789 0.22738173485158011
0 0.5667370721048799 0.22738173485158011 0.04825200291332843 0.23590854990851437
0 0.6527676620538966 0.22667685147354022 0.05644573925710117 0.22027605563746833
0 0.2931536780772032 0.6835663403975628 0.05644573925710128 0.24727763665109345
0 0.3723597960670066 0.6928094079192796 0.034595775673707196 0.26859467429342904
0 0.42016023306627825 0.6892508837688522 0.07010196649672251 0.252962180022383
0 0.5125637290604516 0.5933298989217132 0.0637290604515659 0.05258202618442783
0 0.5526219956300074 0.6658078269056543 0.034595775673707196 0.19185333878102076
0 0.645484340859432 0.6771769136482333 0.04552075746540418 0.21743378395182356
0 0.8444136926438457 0.7134101930968328 0.035506190823015205 0.27285808182189625
0 0.04324836125273124 0.5982981898282203 0.06281864530225784 0.07105679214111872
0 0.0883102694828842 0.7141264455616151 0.03641660597232338 0.30554420620681083