0 0.77490234375 0.5262645914396887 0.076171875 0.20428015564202334
0 0.8115234375 0.48540856031128404 0.0478515625 0.14980544747081712
0 0.09619140625 0.36186770428015563 0.0498046875 0.12840466926070038
0 0.32080078125 0.3093385214007782 0.087890625 0.2723735408560311
0 0.53125 0.19941634241245138 0.0859375 0.26653696498054474
0 0.5771484375 0.17996108949416342 0.0751953125 0.26459143968871596
0 0.65478515625 0.13813229571984437 0.080078125 0.2509727626459144
0 0.86572265625 0.519455252918288 0.064453125 0.27626459143968873
0 0.69384765625 0.5914396887159533 0.078125 0.24708171206225682
0 0.6162109375 0.6342412451361867 0.06640625 0.2178988326848249
0 0.5615234375 0.585603112840467 0.0576171875 0.08171206225680934
0 0.44580078125 0.7684824902723736 0.0625 0.2782101167315175
0 0.49267578125 0.7344357976653697 0.1044921875 0.2840466926070039
0 0.37109375 0.8073929961089494 0.08984375 0.28793774319066145
0 0.16357421875 0.9017509727626459 0.0791015625 0.19649805447470817
0 0.0966796875 0.8813229571984436 0.0830078125 0.11478599221789883