0 0.7578125 0.6945525291828794 0.0625 0.19066147859922178
0 0.798828125 0.6780155642023347 0.0361328125 0.14202334630350194
0 0.13720703125 0.11964980544747082 0.041015625 0.11867704280155641
0 0.35888671875 0.20817120622568094 0.068359375 0.2587548638132296
0 0.576171875 0.23346303501945526 0.0654296875 0.2529182879377432
0 0.623046875 0.24319066147859922 0.0546875 0.25486381322957197
0 0.703125 0.2509727626459144 0.0615234375 0.23929961089494164
0 0.8447265625 0.7441634241245136 0.0419921875 0.2723735408560311
0 0.669921875 0.7062256809338522 0.0595703125 0.23540856031128404
0 0.58935546875 0.6994163424124513 0.0498046875 0.21011673151750973
0 0.54541015625 0.6196498054474708 0.0546875 0.06420233463035019
0 0.40673828125 0.7217898832684825 0.0400390625 0.27626459143968873
0 0.45703125 0.7188715953307393 0.0849609375 0.26459143968871596
0 0.330078125 0.7130350194552529 0.068359375 0.27626459143968873
0 0.10791015625 0.7363813229571985 0.0537109375 0.31906614785992216
0 0.05712890625 0.6147859922178989 0.078125 0.0914396887159533