0 0.42735123367198835 0.7024026978039712 0.06611756168359939 0.2516852471745515
0 0.8474455732946299 0.7094639378638322 0.03547895500725673 0.2786473962083575
0 0.6519085631349782 0.6812074207666802 0.0443468795355586 0.21701467404921146
0 0.5648258345428157 0.6709449311215795 0.03789550072568937 0.1964665810435932
0 0.5180624092888244 0.5983909784279513 0.06047169811320746 0.053935854925320596
0 0.657155297532656 0.22857153175765813 0.04354136429608135 0.22600590934638295
0 0.5257184325108853 0.23113715416893327 0.0612772133526851 0.22857153175765801
0 0.5817634252539913 0.22857153175765807 0.04757619738751817 0.23113715416893318
0 0.303577648766328 0.6953414577441104 0.05563860667634246 0.24269401187737982
0 0.04757619738751814 0.6215046938448446 0.06289550072568942 0.06934114625067993
0 0.09635703918722786 0.727434851600467 0.037895500725689396 0.2863558202998915
0 0.054833091436865024 0.21765030122317605 0.06611756168359943 0.21444905163793632
0 0.16287373004354136 0.252320874348516 0.033867924528301896 0.2863558202998915
0 0.21448476052249638 0.2536036855541536 0.07740928882438314 0.2837901978886163
0 0.31567489114658925 0.22471154128303691 0.06531204644412192 0.23113715416893327