0 0.79541015625 0.5455465587044535 0.0888671875 0.2732793522267207
0 0.8359375 0.507085020242915 0.056640625 0.22267206477732793
0 0.92333984375 0.38360323886639675 0.060546875 0.08704453441295547
0 0.08740234375 0.3026315789473684 0.0517578125 0.1396761133603239
0 0.14697265625 0.22469635627530365 0.0439453125 0.06882591093117409
0 0.3193359375 0.25809716599190285 0.0859375 0.2813765182186235
0 0.53662109375 0.15991902834008098 0.08984375 0.2854251012145749
0 0.5888671875 0.13562753036437247 0.0703125 0.27125506072874495
0 0.66357421875 0.11538461538461539 0.0712890625 0.23076923076923078
0 0.89111328125 0.5121457489878543 0.0615234375 0.30364372469635625
0 0.70751953125 0.5840080971659919 0.06640625 0.24898785425101214
0 0.6279296875 0.6174089068825911 0.0595703125 0.23076923076923078
0 0.57373046875 0.5668016194331984 0.0625 0.08299595141700405
0 0.4482421875 0.7560728744939271 0.064453125 0.3016194331983806
0 0.49560546875 0.7246963562753036 0.099609375 0.29959514170040485
0 0.36962890625 0.7955465587044535 0.0849609375 0.29554655870445345
0 0.0859375 0.8522267206477733 0.083984375 0.1214574898785425
0 0.150390625 0.8846153846153846 0.078125 0.23076923076923078