0 0.07275390625 0.08320839580209895 0.0654296875 0.0704647676161919
0 0.1708984375 0.19415292353823088 0.04296875 0.2818590704647676
0 0.22119140625 0.19865067466266867 0.0810546875 0.2893553223388306
0 0.31640625 0.18590704647676162 0.0625 0.22638680659670166
0 0.5283203125 0.21964017991004497 0.072265625 0.2413793103448276
0 0.5791015625 0.22563718140929534 0.0498046875 0.23388305847076463
0 0.6650390625 0.23613193403298352 0.0625 0.23088455772113944
0 0.28466796875 0.6424287856071964 0.05859375 0.24887556221889057
0 0.3642578125 0.658920539730135 0.0439453125 0.2518740629685157
0 0.41357421875 0.6596701649175413 0.0830078125 0.2518740629685157
0 0.50830078125 0.5802098950524738 0.0615234375 0.06296851574212893
0 0.548828125 0.6574212893553223 0.0439453125 0.19490254872563717
0 0.63671875 0.6821589205397302 0.0556640625 0.23388305847076463
0 0.0830078125 0.6491754122938531 0.0537109375 0.3028485757121439
0 0.83642578125 0.7466266866566716 0.0498046875 0.2863568215892054
0 0.044921875 0.5269865067466267 0.0703125 0.07946026986506746