0 0.05063965884861407 0.14184805251958243 0.062189054726368154 0.06274048476827682
0 0.1550319829424307 0.23937404432112303 0.02754086709310588 0.27960433429340764
0 0.20522388059701493 0.23732270325391677 0.06574271499644635 0.2809682578753267
0 0.2993958777540867 0.21140815519745457 0.04975124378109452 0.22095562027088794
0 0.5121748400852878 0.21686384952513083 0.059523809523809534 0.23459485609007863
0 0.5632551528073916 0.21618734342849896 0.03731343283582089 0.23050308534432148
0 0.6494314143567875 0.21482341984657988 0.04975124378109452 0.2250473910166452
0 0.29362473347547974 0.6703738962075466 0.04530916844349675 0.24414232116351214
0 0.3740227434257285 0.6765060966318547 0.0302061122956645 0.24823409190926932
0 0.4228855721393035 0.6703738962075466 0.06929637526652455 0.24414232116351214
0 0.5126154939587775 0.5789910162189693 0.05863539445629001 0.05592086685868148
0 0.5574840085287847 0.6505915485753925 0.03287135749822312 0.19094930146866865
0 0.6467661691542288 0.6628668608126641 0.04264392324093813 0.22913916176240245
0 0.09284292821606253 0.7044719857555231 0.03642501776830134 0.2986992644402746
0 0.8493248045486851 0.700380215009766 0.03375977256574281 0.28233218145724587
0 0.048422174840085284 0.5878510638071156 0.06663113006396588 0.07092402625979118