0 0.06689453125 0.17700453857791226 0.078125 0.2844175491679274
0 0.1201171875 0.09682299546142209 0.0419921875 0.11195158850226929
0 0.17431640625 0.1928895612708018 0.0517578125 0.2844175491679274
0 0.220703125 0.20196671709531014 0.0810546875 0.2844175491679274
0 0.31982421875 0.1875945537065053 0.06640625 0.2254160363086233
0 0.52685546875 0.22087745839636913 0.078125 0.23903177004538578
0 0.576171875 0.23071104387291982 0.05859375 0.23751891074130105
0 0.6611328125 0.24508320726172467 0.0546875 0.2314674735249622
0 0.28662109375 0.649016641452345 0.0615234375 0.2526475037821483
0 0.3642578125 0.670196671709531 0.0419921875 0.2617246596066566
0 0.4111328125 0.6732223903177005 0.0849609375 0.2556732223903177
0 0.5048828125 0.5907715582450832 0.0654296875 0.06505295007564296
0 0.546875 0.6664145234493192 0.0458984375 0.2027231467473525
0 0.62744140625 0.6936459909228442 0.0537109375 0.22844175491679275
0 0.04296875 0.529500756429652 0.064453125 0.08774583963691376
0 0.83154296875 0.7579425113464447 0.0498046875 0.291981845688351
0 0.08544921875 0.6467473524962178 0.0517578125 0.291981845688351