0 0.0947265625 0.12537764350453173 0.091796875 0.25075528700906347
0 0.146484375 0.07930513595166164 0.0625 0.15861027190332327
0 0.19580078125 0.13746223564954682 0.0673828125 0.27492447129909364
0 0.24755859375 0.1540785498489426 0.1044921875 0.3021148036253776
0 0.34326171875 0.15709969788519637 0.0888671875 0.23716012084592145
0 0.55078125 0.22885196374622357 0.09375 0.24773413897280966
0 0.5986328125 0.24622356495468278 0.0791015625 0.243202416918429
0 0.07275390625 0.5762839879154078 0.0693359375 0.29607250755287007
0 0.04541015625 0.4561933534743202 0.056640625 0.07401812688821752
0 0.2724609375 0.6087613293051359 0.0810546875 0.25075528700906347
0 0.3466796875 0.6442598187311178 0.068359375 0.2598187311178248
0 0.396484375 0.6540785498489426 0.0966796875 0.26435045317220546
0 0.49609375 0.5891238670694864 0.060546875 0.06797583081570997
0 0.529296875 0.6729607250755287 0.0517578125 0.18882175226586104
0 0.609375 0.7145015105740181 0.064453125 0.229607250755287
0 0.8076171875 0.8172205438066465 0.072265625 0.297583081570997
0 0.68310546875 0.2726586102719033 0.080078125 0.24471299093655588