0 0.050959595959595955 0.18846502894695666 0.06222943722943724 0.17107390601366507
0 0.15738095238095237 0.2385243137050366 0.03336940836940838 0.2739964185747318
0 0.20382395382395382 0.23922529946626334 0.06854256854256852 0.27538726333907054
0 0.3061904761904762 0.214190093708166 0.058621933621933575 0.21975347276552099
0 0.5185786435786436 0.22045445852674767 0.061327561327561286 0.23505276517324716
0 0.5717893217893217 0.22045445852674767 0.04148629148629146 0.22948938611589217
0 0.6583694083694084 0.22323614805542516 0.05411255411255422 0.2239260070585372
0 0.8540764790764791 0.7086409708096455 0.032467532467532534 0.28234148716076424
0 0.6511544011544012 0.6710881621724994 0.04870129870129869 0.21279924894382726
0 0.5131673881673882 0.5876374763121751 0.061327561327561286 0.054242945809210893
0 0.5618686868686869 0.6557888697647734 0.04329004329004338 0.19610911177176235
0 0.42568542568542567 0.6794332307585319 0.06493506493506496 0.24061614423060212
0 0.29717171717171714 0.6752606964655157 0.05681818181818177 0.24061614423060204
0 0.04735209235209235 0.5924998696083034 0.05862193362193362 0.06954223821693699
0 0.09289321789321789 0.7072501260453067 0.036075036075036065 0.30181331386150656