0 0.06078767123287671 0.2719366189390754 0.07191780821917808 0.30592869630645975
0 0.11386986301369864 0.24007471175338038 0.041095890410958916 0.24785889747051146
0 0.175513698630137 0.2535242436984088 0.03767123287671231 0.2719366189390754
0 0.2285958904109589 0.2719366189390754 0.07705479452054798 0.30592869630645975
0 0.3334794520547945 0.24007471175338038 0.05736301369863017 0.2365282050147166
0 0.550945205479452 0.2478588974705114 0.05907534246575352 0.24644256091353714
0 0.5993150684931506 0.2478588974705114 0.042808219178082085 0.24077721468563973
0 0.6836506849315069 0.2429073848673291 0.045376712328767166 0.23369553190076797
0 0.3296232876712329 0.733662336512714 0.05993150684931503 0.2606059264832806
0 0.4062534246575342 0.7357925066944032 0.03339041095890416 0.2705202823821011
0 0.4589041095890411 0.7322459999557396 0.07191780821917804 0.257773253369332
0 0.5483767123287672 0.6253182552504039 0.06078767123287676 0.060902471949897015
0 0.5933219178082192 0.6968375860313807 0.03938356164383561 0.20395246420430663
0 0.8664383561643836 0.7258781507955827 0.02568493150684925 0.27052028238210096
0 0.6742328767123288 0.7018004293270189 0.04023972602739723 0.2166994932170758
0 0.05821917808219178 0.6585964989930733 0.06335616438356165 0.07648217407661499
0 0.11044520547945205 0.775449930289685 0.03767123287671231 0.3130103790913315