0 0.76376 0.6579468183178688 0.056067692307692374 0.1825361987428914
0 0.8041046153846154 0.6361488895540257 0.03145230769230767 0.13894034121520493
0 0.12478769230769231 0.1709506854235259 0.03760615384615387 0.11305989823406168
0 0.34905846153846154 0.2288537324154445 0.05948923076923085 0.2506394013768333
0 0.5668369230769231 0.22339812032325657 0.05743384615384617 0.2451960490870997
0 0.6136738461538462 0.22680634540556718 0.045809230769230824 0.24927856330439996
0 0.6940184615384616 0.22339812032325648 0.05333538461538456 0.23157540856031125
0 0.8526523076923077 0.6954005148159234 0.03281846153846146 0.2683548159233762
0 0.676923076923077 0.6824664232265789 0.051963076923077 0.2288537324154446
0 0.59624 0.686548937443879 0.042393846153846226 0.20433412750673455
0 0.5494030769230769 0.6129901227177492 0.052652307692307554 0.057216498054474645
0 0.41470153846153845 0.7342273091888656 0.03076923076923077 0.27243733014067645
0 0.46461538461538465 0.7240148937443879 0.07589538461538453 0.25473417539658777
0 0.3377784615384615 0.7362746961987429 0.05880615384615384 0.2683548159233762
0 0.11692307692307692 0.7907572583058965 0.04239384615384614 0.3146723495959296
0 0.06222153846153847 0.6756499730619575 0.07521230769230769 0.0817361029631847