0 0.08349609375 0.09487951807228916 0.0771484375 0.1822289156626506
0 0.18408203125 0.16716867469879518 0.0576171875 0.2786144578313253
0 0.23046875 0.17846385542168675 0.0927734375 0.2876506024096386
0 0.333984375 0.17545180722891565 0.078125 0.23042168674698796
0 0.54345703125 0.22740963855421686 0.08203125 0.24548192771084337
0 0.59619140625 0.23870481927710843 0.0615234375 0.23644578313253012
0 0.681640625 0.25978915662650603 0.07421875 0.23343373493975902
0 0.83203125 0.7823795180722891 0.0576171875 0.286144578313253
0 0.63427734375 0.7018072289156626 0.0673828125 0.2213855421686747
0 0.50537109375 0.5896084337349398 0.0654296875 0.06626506024096386
0 0.54736328125 0.6679216867469879 0.060546875 0.2033132530120482
0 0.41015625 0.6618975903614458 0.0859375 0.25150602409638556
0 0.283203125 0.6302710843373494 0.078125 0.25
0 0.04345703125 0.4947289156626506 0.064453125 0.08132530120481928
0 0.078125 0.6182228915662651 0.0625 0.3072289156626506