0 0.7705078125 0.791058394160584 0.0537109375 0.1624087591240876
0 0.7275390625 0.7554744525547445 0.0703125 0.14233576642335766
0 0.70703125 0.3248175182481752 0.0830078125 0.25
0 0.580078125 0.2591240875912409 0.0927734375 0.26277372262773724
0 0.62646484375 0.28558394160583944 0.07421875 0.2518248175182482
0 0.37158203125 0.15784671532846714 0.0888671875 0.25547445255474455
0 0.173828125 0.030109489051094892 0.052734375 0.060218978102189784
0 0.0556640625 0.42700729927007297 0.07421875 0.09854014598540146
0 0.087890625 0.5629562043795621 0.0771484375 0.30656934306569344
0 0.2919921875 0.6277372262773723 0.09375 0.2755474452554745
0 0.37109375 0.6687956204379562 0.0703125 0.2737226277372263
0 0.4169921875 0.6843065693430657 0.1015625 0.2791970802919708
0 0.51904296875 0.6277372262773723 0.064453125 0.08394160583941605
0 0.552734375 0.7171532846715328 0.0625 0.21350364963503649
0 0.62939453125 0.7609489051094891 0.0654296875 0.22992700729927007
0 0.81298828125 0.8686131386861314 0.0654296875 0.26277372262773724