0 0.15478515625 0.0256797583081571 0.0419921875 0.0513595166163142
0 0.19677734375 0.13821752265861026 0.0732421875 0.2764350453172205
0 0.2470703125 0.15256797583081572 0.107421875 0.30513595166163143
0 0.09375 0.12537764350453173 0.09765625 0.25075528700906347
0 0.341796875 0.15181268882175228 0.0830078125 0.23564954682779457
0 0.54736328125 0.22734138972809667 0.0888671875 0.24924471299093656
0 0.59765625 0.24093655589123866 0.0791015625 0.24773413897280966
0 0.6875 0.26586102719033233 0.08203125 0.24018126888217523
0 0.8154296875 0.8157099697885196 0.0634765625 0.27341389728096677
0 0.61767578125 0.7129909365558912 0.0703125 0.2280966767371601
0 0.5322265625 0.6729607250755287 0.060546875 0.2054380664652568
0 0.4970703125 0.5861027190332326 0.064453125 0.07250755287009064
0 0.39990234375 0.654833836858006 0.0966796875 0.26435045317220546
0 0.35107421875 0.6435045317220544 0.0625 0.2628398791540785
0 0.2734375 0.6117824773413897 0.0859375 0.2583081570996979
0 0.07177734375 0.5740181268882175 0.0751953125 0.297583081570997
0 0.03955078125 0.44939577039274925 0.068359375 0.0891238670694864