0 0.05908203125 0.2572347266881029 0.0634765625 0.2942122186495177
0 0.10693359375 0.22427652733118972 0.037109375 0.2347266881028939
0 0.16455078125 0.25643086816720256 0.03125 0.29260450160771706
0 0.21484375 0.25643086816720256 0.068359375 0.2990353697749196
0 0.3125 0.227491961414791 0.056640625 0.2347266881028939
0 0.52392578125 0.22909967845659163 0.0595703125 0.2427652733118971
0 0.57666015625 0.2282958199356913 0.041015625 0.2459807073954984
0 0.65673828125 0.23311897106109325 0.0537109375 0.2347266881028939
0 0.3095703125 0.7122186495176849 0.056640625 0.2508038585209003
0 0.3857421875 0.7162379421221865 0.029296875 0.2684887459807074
0 0.431640625 0.707395498392283 0.0654296875 0.25562700964630225
0 0.5205078125 0.6109324758842444 0.0634765625 0.05466237942122187
0 0.5654296875 0.6840836012861736 0.0283203125 0.1977491961414791
0 0.65234375 0.6953376205787781 0.044921875 0.21864951768488747
0 0.10546875 0.7202572347266881 0.0380859375 0.2315112540192926
0 0.84326171875 0.7194533762057878 0.02734375 0.28135048231511256
0 0.0546875 0.6342443729903537 0.0654296875 0.07234726688102894