0 0.05766782006920415 0.28382512731494786 0.06458823529411767 0.313913345365506
0 0.10803460207612457 0.17526740162549284 0.037674740484429065 0.09939941831725847
0 0.17224221453287195 0.19684475048569358 0.03537024221453289 0.1425658876409661
0 0.22644982698961935 0.28055262159583394 0.07766089965397924 0.30998162986124683
0 0.3302560553633218 0.24981696536343673 0.06382006920415229 0.2485103173964524
0 0.5397923875432525 0.2511236133304211 0.06613148788927337 0.25897527273563326
0 0.5932318339100346 0.2485103173964524 0.04075432525951572 0.2511236133304211
0 0.6697439446366782 0.2452378116773385 0.03998615916955006 0.23673871409028727
0 0.31680276816608993 0.763188357148605 0.0476747404844291 0.26289521663658605
0 0.40022837370242215 0.7625409189667659 0.028449826989619287 0.28251847934796354
0 0.44597923875432527 0.7533826115945694 0.06151557093425608 0.26420186460357065
0 0.5382560553633218 0.6428590281529848 0.059979238754325204 0.05624472059685708
0 0.5790103806228373 0.7167611537090897 0.029217993079584836 0.20666226764303527
0 0.6674325259515571 0.7232943935440114 0.049211072664359756 0.23281877018933417
0 0.8554394463667819 0.7403043603214199 0.029986159169550053 0.29298343468714433
0 0.05267128027681661 0.6886387934106611 0.06689965397923875 0.07717463127521856
0 0.103038062283737 0.8043889687201831 0.036906574394463654 0.32699159663865546