0 0.7531246200607904 0.6810186579378069 0.0661945288753798 0.2580470423193827
0 0.801082066869301 0.6643909282207154 0.036474164133738496 0.23543380874444697
0 0.899355623100304 0.5925648819265841 0.06011550151975675 0.10242394201543141
0 0.11516109422492402 0.10508150572831425 0.039854103343465064 0.11172541501052138
0 0.17764133738601826 0.0678397007248071 0.03512462006079026 0.03724180500350713
0 0.33164741641337386 0.1749083937339257 0.05944072948328272 0.24873359831657704
0 0.54609726443769 0.17756595744680853 0.06281458966565356 0.2567062894552256
0 0.5970942249240122 0.17690755202244565 0.041878419452887616 0.2527199438859014
0 0.6764620060790274 0.17690755202244565 0.05336170212765978 0.24207771802665423
0 0.6676778115501519 0.6623917699321956 0.04795744680851066 0.22612036474164152
0 0.5846018237082067 0.6530902969371054 0.042553191489361764 0.21282057516951144
0 0.8547781155015197 0.6856753799392097 0.026340425531914846 0.2912905307458498
0 0.534613981762918 0.5779363104980126 0.054711246200607855 0.054539911152677145
0 0.44984802431610943 0.6856753799392097 0.06484498480243162 0.2620333878887069
0 0.4018905775075988 0.6909905073649756 0.02837082066869301 0.28064830488660275
0 0.32218844984802436 0.6876625672200141 0.05673556231003041 0.2660197334580313
0 0.06146504559270517 0.6025367313537526 0.06619452887537994 0.07981070844049568
0 0.11077203647416414 0.7195892447977555 0.03917325227963525 0.31923086275426704