0 0.08113391984359726 0.08505917159763314 0.06744868035190615 0.13313609467455623
0 0.16959921798631475 0.17677514792899407 0.053763440860215055 0.27662721893491127
0 0.2209188660801564 0.1856508875739645 0.08797653958944282 0.28254437869822485
0 0.3176930596285435 0.17455621301775148 0.06744868035190615 0.23372781065088757
0 0.5288367546432062 0.22559171597633135 0.08113391984359726 0.24260355029585798
0 0.5791788856304986 0.23520710059171598 0.0635386119257087 0.2440828402366864
0 0.6666666666666666 0.2507396449704142 0.07038123167155426 0.22928994082840237
0 0.03763440860215054 0.5007396449704142 0.06744868035190615 0.08431952662721894
0 0.07282502443792767 0.6124260355029586 0.059628543499511244 0.2973372781065089
0 0.27468230694037143 0.628698224852071 0.07624633431085044 0.2514792899408284
0 0.34506353861192574 0.6494082840236687 0.05571847507331378 0.257396449704142
0 0.39638318670576733 0.6538461538461539 0.08699902248289346 0.2588757396449704
0 0.49266862170087977 0.5798816568047337 0.06549364613880743 0.07100591715976332
0 0.5332355816226784 0.6642011834319527 0.05571847507331378 0.1997041420118343
0 0.6182795698924731 0.6915680473372781 0.07331378299120235 0.22485207100591717
0 0.8225806451612904 0.7736686390532544 0.05180840664711633 0.28254437869822485