0 0.8828125 0.6369485294117647 0.0625 0.1323529411764706
0 0.78515625 0.6985294117647058 0.041015625 0.25919117647058826
0 0.73486328125 0.7095588235294118 0.0576171875 0.29044117647058826
0 0.1044921875 0.13511029411764705 0.0361328125 0.11213235294117647
0 0.166015625 0.09099264705882353 0.0361328125 0.03676470588235294
0 0.3125 0.1948529411764706 0.0625 0.24632352941176472
0 0.52392578125 0.19944852941176472 0.0615234375 0.24816176470588236
0 0.57763671875 0.20036764705882354 0.044921875 0.24448529411764705
0 0.658203125 0.20128676470588236 0.0517578125 0.24080882352941177
0 0.6435546875 0.6838235294117647 0.0546875 0.22977941176470587
0 0.55859375 0.6727941176470589 0.0380859375 0.20772058823529413
0 0.3759765625 0.7068014705882353 0.0361328125 0.2757352941176471
0 0.423828125 0.7022058823529411 0.0693359375 0.2610294117647059
0 0.298828125 0.6939338235294118 0.0556640625 0.2555147058823529
0 0.04833984375 0.6066176470588235 0.0654296875 0.07720588235294118
0 0.0947265625 0.7141544117647058 0.0390625 0.2977941176470588