0 0.8015502450980393 0.6504994990697008 0.03446691176470584 0.15027908973808504
0 0.7552083333333334 0.636897094604265 0.05514705882352944 0.120223271790468
0 0.6755514705882353 0.23114927722913983 0.05208333333333326 0.23329039645055102
0 0.5438112745098039 0.22899670817232004 0.06127450980392157 0.240446543580936
0 0.5924509803921568 0.23185916702447404 0.04212622549019618 0.240446543580936
0 0.3285845588235294 0.23114927722913983 0.058210784313725505 0.23615285530270502
0 0.11527573529411764 0.17317876055531703 0.0390625 0.10877343638185204
0 0.06089460784313725 0.6440532417346501 0.0666360294117647 0.06869901245169598
0 0.11068014705882351 0.759982825246887 0.03753063725490195 0.297695720624016
0 0.3167156862745098 0.7242020895949621 0.060508578431372584 0.25475883784170605
0 0.3986703431372549 0.725633319021039 0.03446691176470584 0.266208673250322
0 0.4453921568627451 0.7184771718906541 0.0681678921568627 0.25475883784170605
0 0.5361519607843137 0.613997423787033 0.058210784313725394 0.05724917704308001
0 0.5809620098039215 0.684127665664806 0.03599877450980382 0.20323457850293403
0 0.6609987745098039 0.6891426935737799 0.03676470588235303 0.21897810218978103
0 0.8543995098039217 0.712752254186346 0.028339460784313708 0.27479604980678407