0 0.05853994490358126 0.26502190450242397 0.06887052341597796 0.294770164900035
0 0.17217630853994492 0.15361262114508867 0.03271349862258954 0.06089148946291802
0 0.22254132231404958 0.2670922151441632 0.06800964187327824 0.2933862674122414
0 0.32240358126721763 0.23803036790049775 0.052513774104683164 0.22972698297373625
0 0.5371900826446281 0.24287954469772655 0.06370523415977969 0.23941426538829136
0 0.5892768595041322 0.24356595785167215 0.043904958677685846 0.2407981628760849
0 0.6736432506887052 0.24356595785167215 0.05423553719008267 0.22695918799814904
0 0.3146556473829201 0.7230919729621028 0.052513774104683164 0.2504854452906402
0 0.38955234159779617 0.7306978735550165 0.030130853994490336 0.26570831765636954
0 0.44120523415977964 0.722394488628255 0.06800964187327829 0.25740493272960796
0 0.530736914600551 0.6199860745315291 0.059400826446281085 0.05812369448733088
0 0.5772245179063361 0.6912623307428503 0.038739669421487655 0.20343293070565807
0 0.6620179063360881 0.701636026311351 0.05337465564738286 0.22695918799814896
0 0.8544283746556475 0.72585976793769 0.03357438016528924 0.2809311900220992
0 0.05036501377410468 0.6435123318240201 0.06628787878787878 0.07473046434085401
0 0.10029614325068871 0.756305512669149 0.03701790633608815 0.3113769347535582