0 0.27734375 0.05706984667802385 0.095703125 0.1141396933560477
0 0.37109375 0.1141396933560477 0.0859375 0.2282793867120954
0 0.21533203125 0.10902896081771721 0.0751953125 0.21805792163543442
0 0.583984375 0.19420783645655879 0.09375 0.272572402044293
0 0.6357421875 0.21465076660988075 0.0810546875 0.2708688245315162
0 0.71728515625 0.25468483816013626 0.0849609375 0.26405451448040884
0 0.048828125 0.40545144804088584 0.07421875 0.10391822827938671
0 0.08203125 0.551107325383305 0.083984375 0.3441226575809199
0 0.29296875 0.6030664395229983 0.0908203125 0.282793867120954
0 0.37109375 0.6439522998296422 0.0703125 0.293015332197615
0 0.41943359375 0.6584327086882453 0.1025390625 0.29131175468483816
0 0.52099609375 0.5936967632027257 0.0703125 0.09028960817717206
0 0.556640625 0.6899488926746167 0.0654296875 0.2282793867120954
0 0.64208984375 0.7393526405451448 0.07421875 0.25383304940374785
0 0.83447265625 0.8509369676320273 0.0712890625 0.2981260647359455