0 0.87841796875 0.6746323529411765 0.06640625 0.13786764705882354
0 0.77880859375 0.7270220588235294 0.0478515625 0.26286764705882354
0 0.72900390625 0.7325367647058824 0.0654296875 0.2959558823529412
0 0.115234375 0.0974264705882353 0.0400390625 0.11580882352941177
0 0.177734375 0.058823529411764705 0.037109375 0.04044117647058824
0 0.3212890625 0.17647058823529413 0.0693359375 0.25183823529411764
0 0.5322265625 0.20220588235294118 0.068359375 0.2555147058823529
0 0.5859375 0.20863970588235295 0.0517578125 0.25
0 0.66650390625 0.21691176470588236 0.05859375 0.24632352941176472
0 0.63818359375 0.6976102941176471 0.060546875 0.23529411764705882
0 0.5537109375 0.6783088235294118 0.0439453125 0.2113970588235294
0 0.3701171875 0.6939338235294118 0.0439453125 0.2775735294117647
0 0.41796875 0.6939338235294118 0.076171875 0.2665441176470588
0 0.29345703125 0.6746323529411765 0.0625 0.2610294117647059
0 0.04638671875 0.5625 0.0673828125 0.08455882352941177
0 0.08935546875 0.6737132352941176 0.0478515625 0.29963235294117646