0 0.05419921875 0.2821543408360129 0.0693359375 0.2990353697749196
0 0.10107421875 0.24678456591639872 0.0419921875 0.23633440514469453
0 0.1591796875 0.2757234726688103 0.037109375 0.2942122186495177
0 0.2099609375 0.272508038585209 0.07421875 0.3022508038585209
0 0.306640625 0.2379421221864952 0.0625 0.2379421221864952
0 0.51806640625 0.2282958199356913 0.064453125 0.2459807073954984
0 0.57080078125 0.22427652733118972 0.0458984375 0.2491961414790997
0 0.65087890625 0.22427652733118972 0.05859375 0.2379421221864952
0 0.314453125 0.7226688102893891 0.0625 0.2540192926045016
0 0.390625 0.7226688102893891 0.03515625 0.2684887459807074
0 0.43603515625 0.7106109324758842 0.0712890625 0.25884244372990356
0 0.5224609375 0.6093247588424437 0.064453125 0.05787781350482315
0 0.5693359375 0.680064308681672 0.033203125 0.19935691318327975
0 0.65625 0.6864951768488746 0.0498046875 0.22186495176848875
0 0.1103515625 0.7427652733118971 0.04296875 0.2347266881028939
0 0.84765625 0.6993569131832797 0.033203125 0.2829581993569132
0 0.0576171875 0.659967845659164 0.0673828125 0.07556270096463022