0 0.09697508896797154 0.1362419498768963 0.033807829181494664 0.06605670297061637
0 0.15436298932384343 0.23807936695659654 0.03647686832740216 0.2807409876251197
0 0.20596441281138791 0.2415253249615637 0.07028469750889682 0.29037425680833445
0 0.04982206405693951 0.2422079108922601 0.060498220640569395 0.2834933502488953
0 0.298491103202847 0.21055574071883973 0.05427046263345192 0.22294137252583024
0 0.5097864768683275 0.2181302426594704 0.058718861209964446 0.23532700433282092
0 0.5604982206405694 0.21537788003569472 0.04804270462633453 0.23807936695659648
0 0.651693950177936 0.21055574071883973 0.052491103202847 0.22844609777338168
0 0.8509822064056941 0.7073571943103504 0.02758007117437722 0.26973153713001685
0 0.6436868327402135 0.6702002988893787 0.04181494661921703 0.22018900990205456
0 0.5547188612099645 0.659190848394276 0.034697508896797125 0.1981701089118492
0 0.5088967971530249 0.5848770575523325 0.058718861209964446 0.05504725247551364
0 0.42304626334519574 0.6832795260775608 0.06494661921708189 0.2490888174516992
0 0.3736654804270463 0.6880906559439206 0.028469750889679735 0.2587220866349142
0 0.29315302491103207 0.6819033447656729 0.05427046263345192 0.24633645482792352
0 0.09119572953736656 0.7101095569341261 0.03647686832740213 0.29175043812022244
0 0.042704626334519574 0.5986388706712109 0.060498220640569395 0.07156142821816769