0 0.10009765625 0.11966463414634146 0.1005859375 0.23932926829268292
0 0.20458984375 0.13185975609756098 0.0673828125 0.26371951219512196
0 0.2568359375 0.14939024390243902 0.1015625 0.2972560975609756
0 0.3515625 0.15015243902439024 0.0791015625 0.23628048780487804
0 0.55419921875 0.23704268292682926 0.09375 0.24390243902439024
0 0.6044921875 0.2576219512195122 0.0810546875 0.24695121951219512
0 0.6884765625 0.28734756097560976 0.0869140625 0.2347560975609756
0 0.27197265625 0.6059451219512195 0.0908203125 0.2606707317073171
0 0.34765625 0.6432926829268293 0.072265625 0.27439024390243905
0 0.39501953125 0.65625 0.1044921875 0.27134146341463417
0 0.4990234375 0.5952743902439024 0.0693359375 0.07317073170731707
0 0.52734375 0.6798780487804879 0.0615234375 0.19969512195121952
0 0.6162109375 0.7240853658536586 0.076171875 0.22713414634146342
0 0.8046875 0.8285060975609756 0.07421875 0.27896341463414637
0 0.041015625 0.43521341463414637 0.0712890625 0.09146341463414634
0 0.06787109375 0.5640243902439024 0.0791015625 0.31097560975609756