0 0.2490234375 0.1584992343032159 0.107421875 0.2986217457886677
0 0.3505859375 0.16539050535987748 0.083984375 0.23583460949464014
0 0.19921875 0.14012251148545177 0.068359375 0.28024502297090353
0 0.5556640625 0.24119448698315468 0.0888671875 0.2450229709035222
0 0.6083984375 0.25803981623277183 0.0703125 0.23889739663093415
0 0.68994140625 0.2886676875957121 0.0751953125 0.2343032159264931
0 0.81884765625 0.8277182235834609 0.068359375 0.28024502297090353
0 0.62646484375 0.7266462480857581 0.0791015625 0.23124042879019907
0 0.54443359375 0.6868300153139357 0.0673828125 0.20520673813169985
0 0.505859375 0.599540581929556 0.0654296875 0.07503828483920368
0 0.40673828125 0.663093415007657 0.0986328125 0.26186830015313933
0 0.35888671875 0.6516079632465543 0.0634765625 0.26033690658499237
0 0.28369140625 0.6217457886676876 0.083984375 0.2542113323124043
0 0.04638671875 0.45329249617151607 0.0703125 0.0888208269525268
0 0.0771484375 0.5849923430321593 0.0791015625 0.31546707503828486