0 0.04007820136852395 0.31393568147013784 0.0801564027370479 0.29249617151607965
0 0.08602150537634409 0.22817764165390506 0.04887585532746823 0.13476263399693722
0 0.1436950146627566 0.23813169984686064 0.04105571847507331 0.1638591117917305
0 0.20185728250244378 0.2901990811638591 0.08993157380254155 0.29249617151607965
0 0.29960899315738027 0.24885145482388973 0.07038123167155426 0.23583460949464014
0 0.5087976539589443 0.22052067381316998 0.07624633431085044 0.2450229709035222
0 0.5596285434995112 0.21516079632465543 0.05083088954056696 0.2450229709035222
0 0.644672531769306 0.20137825421133232 0.05474095796676442 0.2327718223583461
0 0.3147605083088954 0.7274119448698315 0.0635386119257087 0.25114854517611024
0 0.3949169110459433 0.7228177641653905 0.04887585532746823 0.2649310872894334
0 0.4442815249266862 0.7082695252679939 0.07820136852394917 0.26033690658499237
0 0.5254154447702835 0.5972434915773354 0.06647116324535679 0.06738131699846861
0 0.5782013685239492 0.663093415007657 0.04887585532746823 0.20673813169984687
0 0.6593352883675464 0.6592649310872895 0.044965786901270774 0.22358346094946402
0 0.056207233626588464 0.6814701378254211 0.06842619745845552 0.08116385911179173
0 0.10997067448680352 0.7924961715160797 0.053763440860215055 0.3124042879019908
0 0.8655913978494624 0.6607963246554365 0.0469208211143695 0.28177641653905056