0 0.05029296875 0.3360258481421648 0.087890625 0.3150242326332795
0 0.1015625 0.2964458804523425 0.0537109375 0.25363489499192243
0 0.16357421875 0.30129240710823907 0.0517578125 0.2762520193861066
0 0.2177734375 0.31179321486268174 0.0927734375 0.3166397415185784
0 0.3203125 0.2649434571890145 0.0693359375 0.24394184168012925
0 0.53759765625 0.24151857835218093 0.072265625 0.25363489499192243
0 0.58544921875 0.23424878836833601 0.0556640625 0.2455573505654281
0 0.66943359375 0.2172859450726979 0.0576171875 0.23909531502423265
0 0.3427734375 0.7576736672051696 0.0732421875 0.2681744749596123
0 0.4189453125 0.7487883683360258 0.0478515625 0.27463651050080773
0 0.47119140625 0.7374798061389337 0.0849609375 0.2665589660743134
0 0.5546875 0.6179321486268174 0.0634765625 0.06946688206785137
0 0.603515625 0.6825525040387722 0.0498046875 0.2084006462035541
0 0.876953125 0.6720516962843296 0.0400390625 0.2730210016155089
0 0.68408203125 0.6760904684975767 0.0517578125 0.22132471728594508
0 0.068359375 0.721324717285945 0.0673828125 0.08562197092084006
0 0.12646484375 0.8303715670436187 0.0537109375 0.3166397415185784