0 0.04052734375 0.4007936507936508 0.0810546875 0.2714285714285714
0 0.14306640625 0.373015873015873 0.07421875 0.29365079365079366
0 0.19921875 0.35793650793650794 0.1103515625 0.3111111111111111
0 0.2880859375 0.28809523809523807 0.0888671875 0.24603174603174602
0 0.49658203125 0.21904761904761905 0.0927734375 0.2507936507936508
0 0.5439453125 0.2 0.0712890625 0.24444444444444444
0 0.625 0.17142857142857143 0.078125 0.23333333333333334
0 0.080078125 0.7817460317460317 0.0771484375 0.09365079365079365
0 0.14794921875 0.8571428571428571 0.0791015625 0.2857142857142857
0 0.3427734375 0.7634920634920634 0.0791015625 0.2571428571428571
0 0.42431640625 0.7396825396825397 0.0693359375 0.2650793650793651
0 0.47021484375 0.7142857142857143 0.0986328125 0.2698412698412698
0 0.5419921875 0.5888888888888889 0.0693359375 0.07936507936507936
0 0.599609375 0.6404761904761904 0.060546875 0.20317460317460317
0 0.67919921875 0.6222222222222222 0.06640625 0.22698412698412698
0 0.87646484375 0.5801587301587302 0.07421875 0.2904761904761905