0 0.787109375 0.6508097165991903 0.0693359375 0.25708502024291496
0 0.830078125 0.6285425101214575 0.0400390625 0.2145748987854251
0 0.9267578125 0.5384615384615384 0.056640625 0.06882591093117409
0 0.10986328125 0.15688259109311742 0.0419921875 0.12955465587044535
0 0.17529296875 0.10222672064777327 0.0400390625 0.05465587044534413
0 0.34228515625 0.19635627530364372 0.0654296875 0.26720647773279355
0 0.564453125 0.1791497975708502 0.0693359375 0.26720647773279355
0 0.61865234375 0.1720647773279352 0.048828125 0.2651821862348178
0 0.69482421875 0.16497975708502025 0.0517578125 0.25101214574898784
0 0.8837890625 0.652834008097166 0.037109375 0.3016194331983806
0 0.697265625 0.6578947368421053 0.0478515625 0.2388663967611336
0 0.6162109375 0.6619433198380567 0.04296875 0.22267206477732793
0 0.56689453125 0.5921052631578947 0.05859375 0.06477732793522267
0 0.42724609375 0.7338056680161943 0.041015625 0.2975708502024291
0 0.47705078125 0.7196356275303644 0.078125 0.2813765182186235
0 0.3466796875 0.7439271255060729 0.0634765625 0.2813765182186235
0 0.06298828125 0.6973684210526315 0.078125 0.0951417004048583
0 0.11962890625 0.8076923076923077 0.0517578125 0.3319838056680162