0 0.05017921146953405 0.2467743238840013 0.06810035842293907 0.27387857065276416
0 0.15591397849462366 0.24398270880851528 0.03046594982078854 0.28500054306505923
0 0.20967741935483872 0.24537295536005216 0.0681003584229391 0.28222004996198546
0 0.30063082437275984 0.21757914630172695 0.05824372759856633 0.22382969479743672
0 0.5129964157706093 0.22314013250787446 0.06182795698924726 0.23217117410665797
0 0.5618279569892473 0.22314013250787446 0.04121863799283165 0.23217117410665797
0 0.6532258064516129 0.22521994134897363 0.057347670250896154 0.2224394482458998
0 0.2956989247311828 0.6833117410665798 0.048387096774193505 0.24885413272510054
0 0.37455197132616486 0.6909525361138265 0.028673835125448077 0.2613663516889323
0 0.42518279569892475 0.6847019876181167 0.06899641577060933 0.24329314651895306
0 0.5138924731182796 0.5922450309547084 0.06003584229390685 0.06117084826762252
0 0.5582437275985663 0.661757358531552 0.037634408602150504 0.1946345172151623
0 0.6429247311827957 0.6770500705984577 0.040322580645161255 0.21965895514282602
0 0.8490179211469535 0.7111166720973172 0.03136200716845883 0.28778103616813305
0 0.04704659498207885 0.5991962637123928 0.06362007168458782 0.07229282067991745
0 0.09408602150537634 0.7152874117519279 0.03763440860215053 0.30724448788964925