0 0.050382209867963865 0.23684290759152588 0.06254343293954134 0.2772138577491723
0 0.0990271021542738 0.14937251558329187 0.03648366921473245 0.10765586708705725
0 0.1580958999305073 0.2381886059301141 0.03648366921473245 0.2799052544263488
0 0.2050034746351633 0.24088000260729053 0.06601806810284921 0.2772138577491723
0 0.30273106323835997 0.21329856945958645 0.05472550382209862 0.2193488291898791
0 0.5112091730368311 0.21800313085129086 0.06514940931202218 0.23146011423717303
0 0.5607227241139681 0.22137275949111573 0.046038915913829026 0.2328058125757612
0 0.6462821403752605 0.2240641561682922 0.04169562195969423 0.2274230192214084
0 0.2957817929117443 0.6768862643098723 0.04777623349548299 0.24760849430023152
0 0.37439193884642114 0.687651851018578 0.027797081306462856 0.25837408100893733
0 0.42129951355107714 0.6842929879654618 0.07123002084781094 0.24626279596164347
0 0.5099027102154273 0.5894158723016383 0.06254343293954134 0.05651933022070504
0 0.5559416261292565 0.6593921859082255 0.0347463516330786 0.1991633541110558
0 0.6380333564975678 0.6755405659712841 0.04082696316886736 0.22338592420564382
0 0.04647671994440583 0.591439802602875 0.059937456567060454 0.07939620197670466
0 0.844774148714385 0.7118744211131659 0.033877692842251506 0.287979444457878
0 0.09512161223071577 0.7024545327430484 0.0356150104239055 0.287979444457878