0 0.0771484375 0.15227272727272728 0.091796875 0.2863636363636364
0 0.18212890625 0.17196969696969697 0.0556640625 0.28939393939393937
0 0.2353515625 0.18484848484848485 0.0927734375 0.29393939393939394
0 0.328125 0.17727272727272728 0.078125 0.23484848484848486
0 0.53759765625 0.2287878787878788 0.08203125 0.24393939393939393
0 0.5859375 0.23939393939393938 0.0615234375 0.23939393939393938
0 0.67626953125 0.2606060606060606 0.0771484375 0.23333333333333334
0 0.28125 0.6371212121212121 0.0703125 0.25757575757575757
0 0.35888671875 0.6621212121212121 0.0517578125 0.26515151515151514
0 0.4091796875 0.6666666666666666 0.08984375 0.25606060606060604
0 0.50537109375 0.5946969696969697 0.064453125 0.07424242424242425
0 0.54296875 0.6727272727272727 0.0546875 0.2015151515151515
0 0.62548828125 0.706060606060606 0.0595703125 0.22575757575757577
0 0.82666015625 0.7840909090909091 0.056640625 0.2924242424242424
0 0.04248046875 0.5007575757575757 0.0693359375 0.08484848484848485
0 0.07861328125 0.6257575757575757 0.064453125 0.31212121212121213