0 0.08935546875 0.33516483516483514 0.0654296875 0.30141287284144425
0 0.03955078125 0.34379905808477235 0.0791015625 0.304552590266876
0 0.14697265625 0.31711145996860285 0.05078125 0.2904238618524333
0 0.19775390625 0.3092621664050236 0.0947265625 0.29827315541601257
0 0.30029296875 0.2598116169544741 0.07421875 0.23861852433281006
0 0.515625 0.22213500784929358 0.0791015625 0.23547880690737832
0 0.56689453125 0.21271585557299844 0.0537109375 0.23547880690737832
0 0.65087890625 0.1946624803767661 0.0693359375 0.23547880690737832
0 0.060546875 0.7189952904238619 0.0703125 0.0847723704866562
0 0.11865234375 0.8210361067503925 0.0615234375 0.3092621664050236
0 0.3291015625 0.7386185243328101 0.0693359375 0.25588697017268447
0 0.40625 0.728414442700157 0.0537109375 0.2621664050235479
0 0.45703125 0.7095761381475667 0.0869140625 0.25588697017268447
0 0.537109375 0.5934065934065934 0.0625 0.06436420722135008
0 0.58642578125 0.6546310832025117 0.05078125 0.20251177394034536
0 0.67236328125 0.6428571428571429 0.044921875 0.21664050235478807
0 0.87158203125 0.6342229199372057 0.0517578125 0.282574568288854