0 0.0747800586510264 0.16845329249617153 0.08602150537634409 0.29555895865237364
0 0.13098729227761485 0.0995405819295559 0.05083088954056696 0.1362940275650842
0 0.18621700879765396 0.12787136294027565 0.044965786901270774 0.1638591117917305
0 0.23655913978494625 0.19754977029096477 0.09579667644183773 0.29555895865237364
0 0.33773216031280545 0.1891271056661562 0.07526881720430108 0.23736600306278713
0 0.5454545454545454 0.22970903522205208 0.08113391984359726 0.24808575803981622
0 0.5957966764418378 0.24042879019908117 0.05571847507331378 0.24655436447166923
0 0.6808406647116324 0.2549770290964778 0.059628543499511244 0.2343032159264931
0 0.28885630498533726 0.6615620214395099 0.06842619745845552 0.25267993874425726
0 0.3680351906158358 0.6837672281776417 0.05474095796676442 0.2649310872894334
0 0.4178885630498534 0.6852986217457887 0.08406647116324535 0.26339969372128635
0 0.5117302052785924 0.6033690658499234 0.06744868035190615 0.07044410413476264
0 0.5547409579667644 0.6852986217457887 0.053763440860215055 0.2082695252679939
0 0.6344086021505376 0.7082695252679939 0.04985337243401759 0.225114854517611
0 0.042033235581622676 0.5329249617151608 0.07038123167155426 0.08422664624808576
0 0.07966764418377321 0.6592649310872895 0.06060606060606061 0.3124042879019908
0 0.8362658846529815 0.7756508422664625 0.05278592375366569 0.28177641653905056