0 0.0869140625 0.13567073170731708 0.091796875 0.27134146341463417
0 0.19287109375 0.14786585365853658 0.0576171875 0.28353658536585363
0 0.24560546875 0.16996951219512196 0.09375 0.29573170731707316
0 0.34033203125 0.16234756097560976 0.0712890625 0.2347560975609756
0 0.54541015625 0.23246951219512196 0.0869140625 0.24085365853658536
0 0.59619140625 0.24923780487804878 0.07421875 0.24542682926829268
0 0.6806640625 0.27210365853658536 0.080078125 0.23170731707317074
0 0.27587890625 0.625 0.0830078125 0.25914634146341464
0 0.35302734375 0.6554878048780488 0.0634765625 0.27439024390243905
0 0.400390625 0.6646341463414634 0.09765625 0.2682926829268293
0 0.501953125 0.5952743902439024 0.068359375 0.06859756097560976
0 0.533203125 0.6775914634146342 0.0556640625 0.19817073170731708
0 0.62353515625 0.7141768292682927 0.0693359375 0.22713414634146342
0 0.8154296875 0.8033536585365854 0.0654296875 0.27896341463414637
0 0.0390625 0.4733231707317073 0.0693359375 0.08689024390243902
0 0.07080078125 0.5990853658536586 0.0703125 0.31097560975609756