0 0.058377412437455325 0.2323655218580165 0.06274481772694782 0.25560207404381813
0 0.16956397426733383 0.24592405005843174 0.035739814152966454 0.2878776450298967
0 0.22635453895639746 0.2517331881048822 0.0714796283059328 0.29174653096883263
0 0.32285203716940675 0.21622773636497727 0.05797712651894216 0.2310758932117045
0 0.5353037884203002 0.22526675516525407 0.06195139385275206 0.23365515050432853
0 0.5845461043602573 0.2239771265189421 0.03971408148677624 0.23623440779695246
0 0.6671408148677628 0.22526675516525407 0.04924231593995709 0.22074724576511565
0 0.0520228734810579 0.6209271475089918 0.06909935668334524 0.069709656557405
0 0.10483917083631164 0.7377605318992023 0.03653323802716227 0.31627271180094624
0 0.3105360972122945 0.6990368176815639 0.04606147248034309 0.24656305524354138
0 0.39313795568263044 0.7061355843743264 0.03494639027877067 0.2581813313364423
0 0.4415868477483917 0.6977471890352519 0.06512508934953531 0.25173318810488216
0 0.5285489635453896 0.6022101047233286 0.06274481772694784 0.058091380464504204
0 0.5777912794853467 0.6732093899270455 0.03415296640457477 0.1949314362866901
0 0.6576125804145818 0.6841886608348366 0.03653323802716213 0.21945761711880377
0 0.8557684060042888 0.7158136083597129 0.03573981415296634 0.2852983877372727