0 0.050726887791107976 0.2428858040155471 0.055575158786167964 0.2810925597033859
0 0.0965984474241355 0.18899244606387267 0.03969654199011999 0.17875303553953187
0 0.1530557515878617 0.23947994465137404 0.03087508821453777 0.27972803271453456
0 0.20642201834862386 0.2428858040155471 0.06704304869442484 0.28655066765879156
0 0.30081157374735357 0.21490754263613823 0.059985885673959016 0.2224178991827763
0 0.513408609738885 0.2183243182162221 0.0635144671841919 0.23196958810473595
0 0.5623712067748765 0.2203765668074546 0.04851799576570226 0.2333341150935874
0 0.09218772053634439 0.7122830881804246 0.03087508821453777 0.29200877561419714
0 0.04940014114326041 0.6031209290723135 0.04940014114326041 0.06003918750946116
0 0.2919901199717714 0.6795344404479913 0.04940014114326041 0.2401567500378443
0 0.3696189131968949 0.6904506563588023 0.035285815102328866 0.25380201992635815
0 0.41946365561044463 0.6836280214145455 0.06439661256175022 0.24834391197095268
0 0.5081157374735357 0.5881111321949484 0.054693013408609714 0.051852025576352795
0 0.5517854622441779 0.6597542572176016 0.02734650670430483 0.18421114349493733
0 0.6360268172194778 0.6747640540949669 0.035285815102328755 0.22241789918277638
0 0.84333098094566 0.7116062827939543 0.03352152434721245 0.2933733026030484
0 0.6483768525052929 0.2190120398186032 0.04940014114326052 0.2333341150935874