0 0.039589442815249266 0.20192307692307693 0.06256109481915934 0.12721893491124261
0 0.1378299120234604 0.26849112426035504 0.04105571847507331 0.27514792899408286
0 0.18914956011730205 0.26331360946745563 0.07526881720430108 0.2781065088757396
0 0.2829912023460411 0.22707100591715976 0.05767350928641251 0.22928994082840237
0 0.4970674486803519 0.22189349112426035 0.07038123167155426 0.23816568047337278
0 0.5474095796676441 0.21819526627218935 0.05278592375366569 0.23964497041420119
0 0.6358748778103617 0.21079881656804733 0.059628543499511244 0.22633136094674555
0 0.044965786901270774 0.6220414201183432 0.06451612903225806 0.07692307692307693
0 0.09237536656891496 0.7233727810650887 0.04594330400782014 0.2958579881656805
0 0.2927663734115347 0.6856508875739645 0.06549364613880743 0.2470414201183432
0 0.364613880742913 0.6878698224852071 0.04398826979472141 0.25443786982248523
0 0.41593352883675466 0.6789940828402367 0.07624633431085044 0.2529585798816568
0 0.5019550342130987 0.5806213017751479 0.06256109481915934 0.0650887573964497
0 0.5518084066471163 0.6531065088757396 0.0469208211143695 0.19674556213017752
0 0.6383186705767351 0.6575443786982249 0.0635386119257087 0.22041420118343194
0 0.8494623655913979 0.6849112426035503 0.039100684261974585 0.28106508875739644